Variant: 0
Trapezoid formula
|N    |h     |Integral |Error estimation      |  k   |
|    1|1.0000| 0.500000|
|    2|0.5000| 0.414214|-2.859547920896828e-02|1.9973|
|    4|0.2500| 0.392607|-7.202269477157519e-03|1.9993|
|    8|0.1250| 0.387195|-1.803942395807889e-03|1.9998|
|   16|0.0625| 0.385841|-4.511971317963844e-04|2.0000|
|   32|0.0313| 0.385503|-1.128125130559672e-04|2.0000|
|   64|0.0156| 0.385418|-2.820395529109139e-05|2.0000|
|  128|0.0078| 0.385397|-7.051040514294282e-06|2.0000|
|  256|0.0039| 0.385392|-1.762763359169917e-06|2.0000|
|  512|0.0020| 0.385391|-4.406910419363363e-07|2.0000|
| 1024|0.0010| 0.385390|-1.101727729602153e-07|2.0000|
| 2048|0.0005| 0.385390|-2.754319409585074e-08|2.0000|
| 4096|0.0002| 0.385390|-6.885798783014725e-09|2.0000|
| 8192|0.0001| 0.385390|-1.721450149094750e-09|2.0000|
Result 0.385390083499374
Number of requests 8193

Trapezoid modified formula
|N    |h     |Integral |Error estimation      |  k   |
|    1|1.0000| 0.384475|
|    2|0.5000| 0.385332|2.856533143627549e-04|3.9968|
|    4|0.2500| 0.385386|1.801365367524547e-05|3.9992|
|    8|0.1250| 0.385390|1.128386900306477e-06|3.9998|
|   16|0.0625| 0.385390|7.056388066454625e-08|3.9999|
|   32|0.0313| 0.385390|4.410863304234643e-09|4.0000|
|   64|0.0156| 0.385390|2.756887125994941e-10|3.9998|
Result 0.385390081722789
Number of requests 65

Simpson formula
|N    |h     |Integral |Error estimation      |  k   |
|    1|1.0000| 0.385618|
|    2|0.5000| 0.385404|-1.423991331078733e-05|3.9839|
|    4|0.2500| 0.385391|-9.000070715988369e-07|3.9959|
|    8|0.1250| 0.385390|-5.640875851605406e-08|3.9990|
|   16|0.0625| 0.385390|-3.528028495273598e-09|3.9997|
Result 0.385390085306586
Number of requests 33

Gauss formula
|N    |h     |Integral |Error estimation     |  k   |
|    1|1.0000| 0.385390|
|    2|0.5000| 0.385390|2.439699319111020e-09|5.9955|
Result 0.385390079307830
Number of requests 9

