Variant: 5
Trapezoid formula
|N    |h     |Integral |Error estimation|  k   |
|1|1.000000000|2.500000000|
|2|0.500000000|2.366025404|-4.465819874e-02|1.993235412|
|4|0.250000000|2.331907969|-1.137247814e-02|1.998301887|
|8|0.125000000|2.323338524|-2.856481813e-03|1.999575034|
|16|0.062500000|2.321193639|-7.149614984e-04|1.999893731|
|32|0.031250000|2.320657260|-1.787930328e-04|1.999973431|
|64|0.015625000|2.320523156|-4.470155080e-05|1.999993358|
|128|0.007812500|2.320489629|-1.117559351e-05|1.999998336|
|256|0.003906250|2.320481247|-2.793911240e-06|1.999999592|
|512|0.001953125|2.320479152|-6.984786155e-07|1.999999895|
|1024|0.000976563|2.320478628|-1.746197033e-07|2.000000015|
|2048|0.000488281|2.320478497|-4.365492901e-08|1.999998278|
|4096|0.000244141|2.320478464|-1.091373214e-08|1.999999452|
Result 2.320478464167408
Number of requests 4097
Trapezoid modified formula
|N    |h     |Integral |Error estimation|  k   |
|1|1.000000000|2.316897952|
|2|0.500000000|2.320249892|1.117313289e-03|3.991877035|
|4|0.250000000|2.320464091|7.139986849e-05|3.997961921|
|8|0.125000000|2.320477554|4.487688307e-06|3.999490014|
|16|0.062500000|2.320478397|2.808770310e-07|3.999872362|
|32|0.031250000|2.320478450|1.756102108e-08|3.999975486|
Result 2.320478449741155
Number of requests 33
Simpson formula
|N    |h     |Integral |Error estimation|  k   |
|1|1.000000000|2.321367205|4.364670256e-02|-nan(ind)|
|2|0.500000000|2.320535491|-5.544758769e-05|3.959849224|
|4|0.250000000|2.320482042|-3.563274351e-06|3.989839185|
|8|0.125000000|2.320478678|-2.242786789e-07|3.997451956|
|16|0.062500000|2.320478467|-1.404219644e-08|3.999362445|
Result 2.320478467302177
Number of requests 33
Gauss formula
|N    |h     |Integral |Error estimation|  k   |
|1|1.000000000|2.320476929|
|2|0.500000000|2.320478429|2.380928891e-08|5.988801386|
|4|0.250000000|2.320478453|3.836216706e-10|5.997107303|
Result 2.320478452867052
Number of requests 21
