Variant: 7
Trapezoid formula
|N    |h     |Integral |Error estimation      |  k   |
|    1|1.0000|-1.923175|
|    2|0.5000|-1.936694|-4.506398782468279e-03|1.9779|
|    4|0.2500|-1.940276|-1.194178948693262e-03|1.9944|
|    8|0.1250|-1.941186|-3.031613341855088e-04|1.9986|
|   16|0.0625|-1.941414|-7.608562026077217e-05|1.9996|
|   32|0.0313|-1.941471|-1.903996856940833e-05|1.9999|
|   64|0.0156|-1.941485|-4.761154060709908e-06|2.0000|
|  128|0.0078|-1.941489|-1.190361161344337e-06|2.0000|
|  256|0.0039|-1.941490|-2.975948313702995e-07|2.0000|
|  512|0.0020|-1.941490|-7.439899215218777e-08|2.0000|
| 1024|0.0010|-1.941490|-1.859976491343692e-08|2.0000|
Result -1.941490159226290
Number of requests 1025

Trapezoid modified formula
|N    |h     |Integral |Error estimation      |  k   |
|    1|1.0000|-1.942678|
|    2|0.5000|-1.941570|3.694197320266064e-04|3.9734|
|    4|0.2500|-1.941495|2.477567993053320e-05|3.9933|
|    8|0.1250|-1.941490|1.577322970384524e-06|3.9983|
|   16|0.0625|-1.941490|9.904402823816363e-08|3.9996|
|   32|0.0313|-1.941490|6.197502807244367e-09|3.9999|
Result -1.941490179065930
Number of requests 33

Simpson formula
|N    |h     |Integral |Error estimation      |  k   |
|    1|1.0000|-1.941200|
|    2|0.5000|-1.941470|-1.802113415367105e-05|3.8717|
|    4|0.2500|-1.941489|-1.231092536594739e-06|3.9666|
|    8|0.1250|-1.941490|-7.874312382879130e-08|3.9916|
|   16|0.0625|-1.941490|-4.950267751269166e-09|3.9979|
Result -1.941490172868427
Number of requests 33

Gauss formula
|N    |h     |Integral |Error estimation     |  k   |
|    1|1.0000|-1.941492|
|    2|0.5000|-1.941490|2.541960038227571e-08|5.9632|
|    4|0.2500|-1.941490|4.382795748900059e-10|5.9907|
Result -1.941490178275709
Number of requests 21

